(setq *bspline-av-list* '(#f(-56.9537 -32.5322 -4.71758 12.5946 -6.87657 36.9812 -12.184 10.5225 -54.8579 73.4837 -21.2046 -6.71321 -5.62593 5.16176 60.0189 21.8767 -18.0439 80.8736 -93.1795 -127.939 55.016 -106.223 -171.574 47.1485 58.4958 7.60737 -35.5978 156.627 -42.8303 -40.5975 43.6736 1.46892 9.51725) #f(-56.9689 -32.5476 -4.67494 12.6669 -6.93557 36.994 -12.1699 10.4722 -54.8731 73.527 -21.2388 -6.68295 -5.58627 5.1381 60.0215 21.8886 -18.0562 80.8765 -93.1739 -127.927 55.0026 -106.324 -171.556 47.1745 58.4985 7.60814 -35.5549 156.597 -42.8373 -40.654 43.6688 1.46914 9.52307) #f(-56.9735 -32.6361 -4.86586 13.1334 -7.1455 37.0561 -12.1843 10.4919 -54.8912 73.7131 -21.363 -6.72298 -5.44138 5.08385 60.0204 21.9043 -17.9456 80.8748 -92.9684 -127.688 54.7372 -106.867 -171.357 47.0691 58.4916 7.6092 -35.1764 156.252 -42.7579 -41.168 43.6596 1.41591 9.48367) #f(-56.8908 -32.8499 -5.49428 14.5551 -7.87551 37.1839 -12.1599 10.62 -54.9343 74.232 -21.7192 -6.8907 -5.05229 5.07461 59.9944 21.9238 -17.6934 80.8408 -92.002 -126.653 53.6395 -108.004 -170.601 46.2693 58.438 7.6093 -33.8353 154.837 -42.3041 -42.8977 43.6489 1.24545 9.30662) #f(-56.5622 -33.2014 -6.70555 17.5022 -9.55013 37.3596 -11.921 10.8619 -55.0381 75.2504 -22.4402 -7.21846 -4.27282 5.25349 59.8887 21.9445 -17.2572 80.7014 -89.5549 -124.111 50.9991 -109.62 -168.82 44.0123 58.2386 7.60655 -30.8253 151.432 -41.0967 -46.6167 43.6465 0.906917 8.88724) #f(-55.7309 -33.6461 -8.60154 22.3463 -12.4315 37.518 -11.1884 11.2201 -55.2309 76.824 -23.5619 -7.73179 -3.01677 5.77649 59.5987 21.9634 -16.5866 80.3168 -85.0093 -119.456 46.2225 -111.385 -165.588 39.6269 57.7024 7.59953 -25.6261 145.291 -38.8057 -52.7683 43.6667 0.389732 8.1512) #f(-54.0333 -34.0701 -11.2532 29.0744 -16.4248 37.5362 -9.59112 11.721 -55.5161 78.82 -24.9476 -8.46591 -1.31859 6.76042 58.9555 21.9784 -15.6371 79.4631 -78.0886 -112.427 39.0594 -112.812 -160.638 32.8026 56.5218 7.58788 -18.1503 136.15 -35.2803 -61.1549 43.7251 -0.252668 7.09337) #f(-51.0531 -34.3018 -14.6942 37.2627 -21.062 37.249 -6.72407 12.4216 -55.8648 80.9187 -26.2935 -9.46833 0.657736 8.24984 57.7341 21.9887 -14.374 77.8517 -68.9231 -103.183 29.6607 -113.327 -153.91 23.6736 54.2999 7.56776 -8.8404 124.322 -30.5955 -70.9112 43.8359 -0.906296 5.78628) #f(-46.4424 -34.152 -18.8939 46.2247 -25.6824 36.4902 -2.25762 13.3928 -56.2228 82.7021 -27.2246 -10.7861 2.66586 10.2047 55.684 21.9949 -12.7652 75.1886 -57.9257 -92.2068 18.4533 -112.369 -145.503 12.7052 50.632 7.52181 1.39615 110.543 -25.009 -80.7857 44.006 -1.42975 4.35558) #f(-40.0532 -33.458 -23.727 55.1872 -29.642 35.1394 3.94539 14.7001 -56.5193 83.7554 -27.4045 -12.4507 4.43304 12.4914 52.5636 21.9981 -10.7714 71.2397 -45.6381 -80.1862 5.98763 -109.483 -135.625 0.548038 45.1957 7.40832 11.2778 95.7868 -18.9048 -89.4686 44.2313 -1.69194 2.95037) #f(-32.0678 -32.1277 -28.9438 63.4645 -32.5217 33.1673 11.714 16.3839 -56.6757 83.7682 -26.6445 -14.4632 5.71592 14.8741 48.1752 21.9994 -8.33749 65.8958 -32.5791 -67.8933 -7.21532 -104.418 -124.537 -12.1067 37.8407 7.15042 19.2409 81.076 -12.7355 -95.9193 44.4906 -1.60959 1.71364) #f(-23.0656 -30.1707 -34.1644 70.5927 -34.2688 30.6642 20.5096 18.4427 -56.6138 82.6079 -24.9749 -16.7832 6.34734 17.0244 42.3958 21.9999 -5.39233 59.2182 -19.1266 -56.0773 -20.7802 -97.1941 -112.511 -24.6457 28.6503 6.62905 23.5799 67.3225 -6.96796 -99.6086 44.7443 -1.17367 0.757893) #f(-13.9005 -27.6918 -38.9438 76.3406 -35.1356 27.8143 29.5362 20.8252 -56.2634 80.31 -22.6058 -19.3296 6.25599 18.5862 35.1978 22.0 -1.87766 51.428 -5.51009 -45.4024 -34.4857 -88.0823 -99.8302 -36.5712 17.9198 5.68725 22.7334 55.2482 -2.03633 -100.506 44.9401 -0.442699 0.1565) #f(-5.48896 -24.8658 -42.8714 80.663 -35.5225 24.8454 37.93 23.4258 -55.5699 77.029 -19.8345 -21.9869 5.47335 19.2666 26.6656 21.9999 2.21026 42.8674 8.14826 -36.4062 -48.2216 -77.5397 -86.8048 -47.5012 6.09492 4.1398 15.6381 45.3444 1.70172 -98.9491 45.0223 0.479622 -0.057663) #f(1.40612 -21.9125 -45.6712 83.6509 -35.8177 21.9775 44.9531 26.081 -54.5013 72.988 -16.9508 -24.6117 4.14006 18.9272 17.0105 21.9997 6.77822 33.9608 21.7884 -29.4581 -61.9438 -66.1456 -73.795 -57.1678 -6.29106 1.78307 2.08639 37.8325 4.00842 -95.5038 44.9423 1.46749 0.106843) #f(6.37783 -19.0705 -47.2944 85.4834 -36.2449 19.3734 50.1752 28.5682 -53.0549 68.4289 -14.1477 -27.0406 2.50886 17.6681 6.58399 21.9992 11.5985 25.1748 35.3694 -24.7226 -75.6288 -54.5381 -61.2247 -65.4145 -18.6792 -1.59327 -16.9536 32.6322 4.80565 -90.8323 44.6679 2.39539 0.599734) #f(9.43884 -16.5691 -47.9328 86.3878 -36.8105 17.1172 53.537 30.6303 -51.2591 63.5771 -11.4859 -29.1078 0.91528 15.8301 -4.14545 21.9975 16.3186 16.9735 48.8374 -22.161 -89.2303 -43.3604 -49.5692 -72.1856 -30.5307 -6.17648 -39.38 29.3921 4.179 -85.5958 44.1863 3.15371 1.33517) #f(10.9076 -14.5961 -47.9298 86.6123 -37.3744 15.2262 55.2621 32.0326 -49.1688 58.6241 -8.92723 -30.6756 -0.293307 13.8917 -14.6581 21.9915 20.5324 9.7696 62.1091 -21.5828 -102.635 -33.2231 -39.3036 -77.5045 -41.3528 -12.078 -62.4663 27.6015 2.33595 -80.407 43.5003 3.65551 2.20619) #f(11.2609 -13.2659 -47.6721 86.4006 -37.7453 13.6702 55.74 32.6269 -46.8591 53.7135 -6.38087 -31.6678 -0.836411 12.347 -24.4583 21.9746 23.8618 3.87259 75.0583 -22.7064 -115.623 -24.6679 -30.8444 -81.451 -50.7211 -19.2764 -83.4573 26.7185 -0.444653 -75.7917 42.6228 3.84167 3.1008) #f(10.9863 -12.5869 -47.4821 85.9665 -37.7755 12.3903 55.4093 32.4145 -44.4195 48.927 -3.7503 -32.1023 -0.578799 11.5836 -33.1485 21.935 26.0393 -0.561075 87.5014 -25.2199 -127.82 -18.1316 -24.4913 -84.1372 -58.3014 -27.5602 -100.164 26.2964 -3.86301 -72.1503 41.5712 3.68598 3.91789) #f(10.4611 -12.4436 -47.5336 85.4731 -37.4344 11.3155 54.6563 31.5846 -41.9464 44.2836 -0.978611 -32.1086 0.415403 11.7853 -40.4876 21.8556 26.9695 -3.5612 99.1905 -28.8292 -138.687 -13.9165 -20.3811 -85.6882 -63.0 -36.4976 -111.425 26.0805 -7.6412 -69.7288 40.3628 3.19805 4.58049) #f(9.92499 -12.6258 -47.8507 85.0284 -36.8045 10.3731 53.7699 30.4632 -39.5302 39.7845 1.90989 -31.8884 1.91647 12.9258 -46.3863 21.7172 26.7166 -5.31287 109.826 -33.2622 -147.593 -12.1801 -18.4871 -86.2315 -62.7685 -45.4989 -117.076 25.9939 -11.5383 -68.6227 39.0135 2.41841 5.03881) #f(9.50518 -12.8869 -48.3553 84.6887 -36.0341 9.49353 52.9287 29.4111 -37.2402 35.4841 4.77041 -31.6455 3.61169 14.8124 -50.8697 21.5042 25.4508 -6.09017 119.08 -38.2474 -153.944 -12.9362 -18.6424 -85.894 -63.0 -53.9315 -117.65 26.0614 -15.3503 -68.7995 37.5385 1.40923 5.26766) #f(9.24519 -13.0024 -48.916 84.4642 -35.2875 8.616 52.1887 28.72 -35.1085 31.5621 7.29848 -31.5134 5.19115 17.1333 -54.0366 21.211 23.3924 -6.18747 126.625 -43.4916 -157.315 -16.057 -20.5661 -84.7986 -63.0 -61.2377 -114.065 26.3296 -18.9086 -70.1222 35.9527 0.244771 5.26353) #f(9.13266 -12.8269 -49.397 84.3232 -34.6964 7.69376 51.4747 28.5132 -33.1159 28.3888 8.99769 -31.4878 6.43014 19.5048 -56.0205 20.8466 20.7572 -5.85344 132.155 -48.6592 -157.573 -21.2765 -23.8885 -83.0607 -63.0 -67.0482 -107.307 26.7908 -22.0791 -72.3727 34.2718 -0.997942 5.04161) #f(9.1188 -12.3199 -49.6893 84.2026 -34.3338 6.69871 50.5996 28.7133 -31.1962 26.4992 9.23155 -31.418 7.23085 21.5232 -56.9628 20.4363 17.726 -5.25618 135.417 -53.3784 -154.914 -28.2059 -28.1828 -80.7847 -61.4553 -71.2309 -98.2486 27.3498 -24.7613 -75.2774 32.5118 -2.24595 4.63239) #f(9.12515 -11.5269 -49.7182 84.0236 -34.2197 5.62502 49.3279 29.1124 -29.2695 26.4308 7.40307 -31.0887 7.60215 22.8221 -57.0048 20.0148 14.4489 -4.49602 136.232 -57.2862 -149.767 -36.3696 -33.0031 -78.0596 -56.35 -73.8443 -87.6338 27.8565 -26.8888 -78.5335 30.6887 -3.43336 4.07763) #f(9.04737 -10.5482 -49.4436 83.7102 -34.3348 4.49265 47.4487 29.4652 -27.2809 28.5285 3.16369 -30.3218 7.62516 23.1318 -56.2841 19.6186 11.058 -3.62904 134.527 -60.0829 -142.668 -45.2452 -37.9254 -74.9545 -50.4956 -75.0676 -76.1079 28.1533 -28.4296 -81.8369 28.817 -4.50341 3.42613) #f(8.759 -9.50933 -48.8616 83.2072 -34.6345 3.35074 44.849 29.5818 -25.2402 32.7508 -3.37831 -29.0787 7.4187 22.3385 -54.9311 19.2785 7.68045 -2.6909 130.36 -61.5871 -134.13 -54.3039 -42.5876 -71.5141 -44.2406 -75.1316 -64.2487 28.1232 -29.3863 -84.9092 26.909 -5.41064 2.72957) #f(8.11865 -8.53248 -48.0032 82.4936 -35.0607 2.27787 41.5706 29.4025 -23.2487 38.5323 -11.5144 -27.5338 7.10759 20.5261 -53.0666 19.0124 4.44792 -1.71732 123.939 -61.7776 -124.542 -63.049 -46.7227 -67.757 -37.872 -74.2575 -52.5887 27.7281 -29.7956 -87.5224 24.974 -6.12263 2.03835) #f(6.99186 -7.72026 -46.9265 81.5791 -35.5475 1.36879 37.7957 28.9864 -21.4697 44.8911 -20.075 -26.0246 6.80396 17.9477 -50.8019 18.8259 1.49189 -0.750914 115.602 -60.7835 -114.156 -71.0474 -50.1595 -63.6828 -31.6097 -72.6332 -41.6055 27.0096 -29.7221 -89.5116 23.0188 -6.62059 1.39791) #f(5.28265 -7.14602 -45.7024 80.4874 -36.0221 0.712118 33.7855 28.4458 -20.0645 50.6988 -27.7554 -24.9204 6.59692 14.9482 -48.2417 18.7163 -1.07007 0.161122 105.77 -58.8392 -103.143 -77.9564 -52.8038 -59.2877 -25.621 -70.4142 -31.6896 26.0636 -29.2495 -90.7794 21.05 -6.89916 0.845233) #f(2.96588 -6.84504 -44.4014 79.2393 -36.4057 0.367344 29.8153 27.8755 -19.1237 54.963 -33.4565 -24.4844 6.54295 11.8839 -45.4874 18.6765 -3.14896 0.970042 94.8969 -56.2364 -91.6464 -83.5508 -54.6156 -54.5787 -20.0356 -67.7266 -23.1111 25.0136 -28.4702 -91.2998 19.0752 -6.96606 0.40542) #f(0.117687 -6.8063 -43.0798 77.8361 -36.6144 0.342812 26.1105 27.285 -18.6024 57.1009 -36.6142 -24.7415 6.65674 9.04475 -42.6395 18.6997 -4.69842 1.62902 83.427 -53.2774 -79.8423 -87.7472 -55.5889 -49.5889 -14.9608 -64.6702 -15.9884 23.9836 -27.4766 -91.1218 17.1053 -6.84166 0.088399) #f(-3.08318 -6.97299 -41.7712 76.25 -36.561 0.58873 22.8057 26.5735 -18.3063 57.0714 -37.3427 -25.4321 6.90895 6.60971 -39.7929 18.7815 -5.72055 2.10321 71.7541 -50.2407 -67.9679 -90.6066 -55.7384 -44.3844 -10.4889 -61.3243 -10.289 23.0816 -26.351 -90.3626 15.155 -6.55705 -0.111756) #f(-6.40654 -7.25902 -40.4882 74.4276 -36.1603 1.01728 19.9439 25.5828 -17.9661 55.2531 -36.2466 -26.1219 7.23636 4.66569 -37.021 18.9177 -6.25664 2.3917 60.2042 -47.3691 -56.3051 -92.2947 -55.1007 -39.0577 -6.69283 -57.7593 -5.89024 22.4003 -25.1567 -89.1847 13.2424 -6.1491 -0.21286) #f(-9.63635 -7.56984 -39.2256 72.297 -35.3343 1.5302 17.4867 24.1712 -17.3391 52.2512 -34.1403 -26.3543 7.55548 3.2429 -34.3555 19.1014 -6.3739 2.55275 49.0234 -44.865 -45.1505 -93.0313 -53.7393 -33.7176 -3.61708 -54.0501 -2.65508 22.0221 -23.9283 -87.7669 11.3874 -5.6548 -0.239355) #f(-12.6365 -7.82339 -37.9642 69.7745 -34.0182 2.04644 15.3253 22.2877 -16.3089 48.704 -31.7661 -25.8036 7.77617 2.35059 -31.7662 19.32 -6.15204 2.72893 38.3646 -42.8844 -34.7858 -93.0389 -51.7502 -28.479 -1.26921 -50.2884 -0.508862 22.025 -22.6628 -86.2767 9.61105 -5.1056 -0.217036) #f(-15.4034 -7.96828 -36.6757 66.7748 -32.1665 2.52557 13.2944 20.0318 -14.9664 45.1115 -29.5523 -24.4027 7.81494 2.00696 -29.1492 19.5531 -5.67113 3.16133 28.2814 -41.5322 -25.4501 -92.4991 -49.2647 -23.4535 0.386731 -46.5926 0.501487 22.4846 -21.3142 -84.8447 7.93392 -4.52281 -0.168311) #f(-18.0479 -7.98776 -35.3307 63.2326 -29.7652 2.96847 11.2066 17.6349 -13.5823 41.7838 -27.5842 -22.3391 7.6065 2.23777 -26.3539 19.7746 -5.00621 4.14541 18.7562 -40.8582 -17.3235 -91.5423 -46.4443 -18.744 1.42622 -43.1001 0.238967 23.4626 -19.81 -83.5576 6.37603 -3.91847 -0.110292) #f(-20.7231 -7.89264 -33.9102 59.136 -26.848 3.40036 8.90099 15.3817 -12.4954 38.8818 -25.7396 -19.9473 7.11375 3.05059 -23.241 19.9587 -4.22709 5.94162 9.755 -40.8535 -10.5204 -90.2664 -43.4667 -14.4435 1.95193 -39.945 -1.42137 24.9827 -18.0841 -82.465 4.95673 -3.30066 -0.055099) #f(-23.5464 -7.71296 -32.417 54.5592 -23.5121 3.85201 6.29395 13.5251 -11.9934 36.4677 -23.8415 -17.5911 6.33777 4.40656 -19.7444 20.0861 -3.39873 8.68127 1.28439 -41.4473 -5.08385 -88.7573 -40.512 -10.6335 2.08065 -37.2354 -4.48303 27.0061 -16.1119 -81.587 3.69479 -2.67914 -0.010385) #f(-26.5232 -7.48976 -30.8868 49.695 -19.9345 4.3413 3.42798 12.2032 -12.1959 34.5552 -21.8075 -15.5478 5.32724 6.19317 -15.9304 20.1495 -2.58147 12.2755 -6.5527 -42.5039 -0.979449 -87.1089 -37.749 -7.38265 1.93019 -35.0306 -8.72212 29.4072 -13.9437 -80.923 2.60841 -2.0709 0.020131) #f(-29.5125 -7.26704 -29.391 44.8562 -16.3674 4.86205 0.486303 11.3964 -12.9958 33.1425 -19.7333 -13.9376 4.17847 8.21736 -12.0189 20.1571 -1.83003 16.3844 -13.54 -43.8313 1.90349 -85.4337 -35.3214 -4.7426 1.60899 -33.3298 -13.6507 31.9719 -11.7161 -80.4573 1.71391 -1.50221 0.036033) #f(-32.2806 -7.08415 -28.0205 40.4121 -13.0931 5.38809 -2.26579 10.9708 -14.1271 32.213 -17.8354 -12.7494 3.01541 10.2419 -8.32218 20.1272 -1.18946 20.5143 -19.4124 -45.2139 3.73735 -83.8523 -33.3361 -2.738 1.21125 -32.0842 -18.628 34.4405 -9.61653 -80.164 1.02166 -1.00342 0.039376) #f(-34.5843 -6.96836 -26.8637 36.7032 -10.365 5.88252 -4.56369 10.7493 -15.2735 31.7229 -16.3475 -11.8982 1.96292 12.0361 -5.1572 20.0822 -0.690267 24.1575 -23.948 -46.4519 4.73692 -82.4759 -31.852 -1.35464 0.813809 -31.217 -23.0202 36.5662 -7.83092 -80.0089 0.531063 -0.601244 0.033789) #f(-36.2544 -6.92739 -25.9841 33.956 -8.3481 6.30705 -6.22685 10.5841 -16.178 31.5902 -15.4152 -11.2832 1.11996 13.4268 -2.75661 20.0413 -0.343446 26.9335 -27.0599 -47.4025 5.14001 -81.3885 -30.868 -0.527555 0.473211 -30.644 -26.3619 38.1742 -6.49217 -79.9531 0.225491 -0.311056 0.023567) #f(-37.2681 -6.94401 -25.4009 32.2086 -7.06771 6.63118 -7.23045 10.4188 -16.7384 31.6869 -15.0081 -10.8397 0.535565 14.3438 -1.19099 20.0146 -0.136671 28.7114 -28.8737 -48.0145 5.18684 -80.631 -30.3158 -0.133354 0.222945 -30.2916 -28.4959 39.2126 -5.63459 -79.9558 0.068702 -0.130271 0.012792) #f(-37.7483 -6.98322 -25.0846 31.3124 -6.41216 6.83989 -7.70152 10.2839 -17.0102 31.8622 -14.9375 -10.5468 0.202957 14.8252 -0.36067 20.0026 -0.037941 29.6166 -29.7071 -48.3268 5.09167 -80.1934 -30.0747 -0.009921 0.072733 -30.1017 -29.5761 39.7535 -5.19173 -79.9796 0.010264 -0.038952 0.004572) #f(-37.8951 -7.01124 -24.9685 31.001 -6.18412 6.94018 -7.84558 10.2324 -17.124 31.9932 -14.9728 -10.3953 0.070315 14.9879 -0.051915 19.9998 -0.006052 29.9306 -29.959 -48.4338 5.00716 -80.0156 -30.008 -0.001238 0.009606 -30.024 -29.9443 39.9485 -5.0339 -79.9979 -0.000667 -0.007049 0.0004) #f(-37.9091 -7.01581 -24.9606 30.9696 -6.15846 6.96732 -7.86453 10.2669 -17.193 32.0382 -14.9699 -10.3504 0.053697 14.9933 -0.001124 19.9999 -0.00193 29.9766 -29.9882 -48.4467 4.98802 -79.9895 -30.0019 -0.005419 -0.00079 -30.0072 -29.9915 39.9782 -5.01064 -80.0021 -0.000509 -0.002479 -0.000475)))
(setq *bspline-tm-list* '(3.0 2.94 2.88 2.82 2.76 2.7 2.64 2.58 2.52 2.46 2.4 2.34 2.28 2.22 2.16 2.1 2.04 1.98 1.92 1.86 1.8 1.74 1.68 1.62 1.56 1.5 1.44 1.38 1.32 1.26 1.2 1.14 1.08 1.02 0.96 0.9 0.84 0.78 0.72 0.66 0.6 0.54 0.48 0.42 0.36 0.3 0.24 0.18 0.12 0.06 0.0))
(setq *bspline-zmp-rc-list* '(#f(-22.3295 32.6935 -848.853) #f(-38.7899 26.5728 -848.836) #f(-50.9132 16.6709 -848.241) #f(-56.0233 8.71622 -846.23) #f(-53.6038 14.3697 -841.97) #f(-42.308 51.9764 -834.852) #f(-15.9105 123.95 -825.125) #f(23.2365 190.7 -814.367) #f(46.2765 218.881 -804.157) #f(26.977 230.802 -794.711) #f(-1.8568 263.285 -786.628) #f(52.5152 279.887 -783.589) #f(174.432 158.832 -785.915) #f(203.092 -65.4833 -785.338) #f(125.485 -226.52 -781.055) #f(67.0841 -245.843 -780.018) #f(93.2606 -186.396 -784.143) #f(92.59 -117.707 -788.554) #f(3.39176 -3.28494 -792.282) #f(-64.7873 124.725 -797.931) #f(-61.1722 192.322 -805.275) #f(-26.0479 156.68 -812.147) #f(5.15342 73.5094 -817.348) #f(33.1632 -11.8437 -820.848) #f(57.6937 -75.0807 -823.241) #f(73.7456 -108.373 -825.343) #f(72.8105 -132.047 -827.43) #f(53.5217 -144.216 -830.154) #f(25.2478 -146.012 -833.951) #f(-2.32559 -138.266 -838.935) #f(-27.7115 -122.221 -844.881) #f(-51.4096 -102.58 -851.346) #f(-70.9276 -86.8585 -857.882) #f(-81.7346 -79.5074 -864.324) #f(-78.9246 -78.6229 -870.925) #f(-63.44 -79.7152 -878.112) #f(-42.7149 -81.862 -886.183) #f(-24.1366 -89.0482 -895.202) #f(-11.012 -105.867 -905.052) #f(-2.22572 -132.652 -915.55) #f(7.78895 -160.496 -926.594) #f(25.5033 -168.346 -938.082) #f(49.7996 -133.616 -949.464) #f(69.5572 -52.9694 -959.536) #f(75.2718 44.1969 -967.11) #f(73.0277 110.355 -971.938) #f(76.0203 122.244 -974.652) #f(85.5795 92.5604 -975.982) #f(91.2319 43.5872 -976.46) #f(89.794 17.2256 -976.508) #f(74.124 -6.73672 -976.455)))
(setq *bspline-cog-wc-list* '(#1=#f(-96.2364 97.4963 998.015) #1# #1# #1# #1# #1# #1# #1# #1# #1# #1# #1# #1# #1# #1# #1# #1# #1# #1# #1# #1# #1# #1# #1# #1# #1# #1# #1# #1# #1# #1# #1# #1# #1# #1# #1# #1# #1# #1# #1# #1# #1# #1# #1# #1# #1# #1# #1# #1# #1# #1#))
(setq *bspline-rc-list* '(#s(coordinates plist nil rot #2f((0.538914 -0.842256 -0.013289) (0.84236 0.538871 0.00697) (0.00129 -0.01495 0.999887)) pos #f(-77.0193 93.8912 849.275)) #s(coordinates plist nil rot #2f((0.538382 -0.842594 -0.013384) (0.8427 0.53834 0.006914) (0.00138 -0.015001 0.999887)) pos #f(-77.0137 93.9936 849.192)) #s(coordinates plist nil rot #2f((0.538108 -0.842767 -0.013576) (0.842874 0.538067 0.006802) (0.001572 -0.015103 0.999885)) pos #f(-76.3341 94.8342 848.475)) #s(coordinates plist nil rot #2f((0.539017 -0.84218 -0.013914) (0.842293 0.53898 0.006588) (0.001951 -0.01527 0.999881)) pos #f(-74.1548 96.7503 846.373)) #s(coordinates plist nil rot #2f((0.543235 -0.839457 -0.014454) (0.839577 0.543206 0.006193) (0.002653 -0.015499 0.999876)) pos #f(-69.8676 99.5488 842.23)) #s(coordinates plist nil rot #2f((0.55434 -0.832151 -0.015257) (0.832281 0.554326 0.005496) (0.003884 -0.015745 0.999868)) pos #f(-63.4397 102.44 835.725)) #s(coordinates plist nil rot #2f((0.577348 -0.816333 -0.0164) (0.816476 0.577363 0.004329) (0.005934 -0.01589 0.999856)) pos #f(-55.7304 104.005 827.07)) #s(coordinates plist nil rot #2f((0.617415 -0.786432 -0.017987) (0.786585 0.617477 0.002533) (0.009114 -0.015712 0.999835)) pos #f(-48.4097 102.389 817.018)) #s(coordinates plist nil rot #2f((0.677124 -0.735593 -0.020163) (0.735743 0.677261 5.830847e-05) (0.013613 -0.014875 0.999797)) pos #f(-43.4327 95.7587 806.62)) #s(coordinates plist nil rot #2f((0.753614 -0.656912 -0.023076) (0.657033 0.753856 -0.002921) (0.019314 -0.01296 0.999729)) pos #f(-42.3995 82.7758 796.966)) #s(coordinates plist nil rot #2f((0.836899 -0.546704 -0.026735) (0.546757 0.83727 -0.005929) (0.025626 -0.009656 0.999625)) pos #f(-45.8186 63.0518 788.923)) #s(coordinates plist nil rot #2f((0.911924 -0.409203 -0.030795) (0.409151 0.912429 -0.008256) (0.031477 -0.005071 0.999492)) pos #f(-52.5244 37.3552 782.957)) #s(coordinates plist nil rot #2f((0.965516 -0.25805 -0.034471) (0.257883 0.966132 -0.009275) (0.035697 6.543411e-05 0.999363)) pos #f(-59.9674 7.28847 779.177)) #s(coordinates plist nil rot #2f((0.992976 -0.112464 -0.036751) (0.112215 0.993645 -0.008775) (0.037505 0.004589 0.999286)) pos #f(-65.1422 -25.1759 777.461)) #s(coordinates plist nil rot #2f((0.999273 0.009883 -0.036826) (-0.010149 0.999924 -0.00705) (0.036754 0.007418 0.999297)) pos #f(-65.758 -57.9221 777.574)) #s(coordinates plist nil rot #2f((0.994464 0.099243 -0.034514) (-0.099464 0.99503 -0.004745) (0.033871 0.008152 0.999393)) pos #f(-61.3438 -88.6854 779.276)) #s(coordinates plist nil rot #2f((0.98743 0.155117 -0.030343) (-0.155265 0.987869 -0.002587) (0.029574 0.007266 0.999536)) pos #f(-53.4685 -115.104 782.375)) #s(coordinates plist nil rot #2f((0.982779 0.183052 -0.025259) (-0.18314 0.983086 -0.001189) (0.024614 0.005794 0.99968)) pos #f(-44.8778 -135.065 786.704)) #s(coordinates plist nil rot #2f((0.981328 0.19127 -0.020264) (-0.191329 0.981525 -0.000996) (0.019699 0.004854 0.999794)) pos #f(-38.4334 -147.25 792.068)) #s(coordinates plist nil rot #2f((0.982025 0.188063 -0.016117) (-0.188122 0.982143 -0.00223) (0.01541 0.005222 0.999868)) pos #f(-36.1177 -151.657 798.172)) #s(coordinates plist nil rot #2f((0.983596 0.179906 -0.013159) (-0.179982 0.983658 -0.00478) (0.012084 0.00707 0.999902)) pos #f(-38.3349 -149.857 804.575)) #s(coordinates plist nil rot #2f((0.985196 0.171056 -0.011359) (-0.171153 0.98521 -0.008229) (0.009783 0.010051 0.999902)) pos #f(-44.0866 -144.564 810.747)) #s(coordinates plist nil rot #2f((0.986417 0.163924 -0.010469) (-0.164045 0.98638 -0.011988) (0.008362 0.013543 0.999873)) pos #f(-51.6055 -138.882 816.206)) #s(coordinates plist nil rot #2f((0.987148 0.159488 -0.010163) (-0.159633 0.987055 -0.015469) (0.007564 0.016892 0.999829)) pos #f(-58.995 -135.531 820.657)) #s(coordinates plist nil rot #2f((0.987437 0.157686 -0.010149) (-0.157851 0.987294 -0.018258) (0.007141 0.019631 0.999782)) pos #f(-64.8317 -136.151 824.124)) #s(coordinates plist nil rot #2f((0.987431 0.15772 -0.010238) (-0.157901 0.987248 -0.020214) (0.006919 0.021577 0.999743)) pos #f(-68.4734 -140.998 826.96)) #s(coordinates plist nil rot #2f((0.987353 0.158202 -0.010326) (-0.158393 0.987144 -0.02141) (0.006807 0.022775 0.999717)) pos #f(-69.9271 -149.26 829.708)) #s(coordinates plist nil rot #2f((0.987502 0.157263 -0.010365) (-0.157459 0.98728 -0.022043) (0.006767 0.0234 0.999703)) pos #f(-69.6202 -159.515 832.92)) #s(coordinates plist nil rot #2f((0.988225 0.152658 -0.010336) (-0.152856 0.987996 -0.022345) (0.006801 0.023662 0.999697)) pos #f(-68.1726 -170.18 836.982)) #s(coordinates plist nil rot #2f((0.989826 0.141918 -0.010223) (-0.142117 0.989594 -0.022502) (0.006923 0.023726 0.999695)) pos #f(-66.194 -179.912 841.976)) #s(coordinates plist nil rot #2f((0.992392 0.122711 -0.010008) (-0.12291 0.99216 -0.02263) (0.007153 0.023688 0.999694)) pos #f(-64.1957 -187.768 847.715)) #s(coordinates plist nil rot #2f((0.995586 0.093358 -0.009675) (-0.093558 0.995353 -0.022784) (0.007503 0.023589 0.999694)) pos #f(-62.5802 -193.212 853.89)) #s(coordinates plist nil rot #2f((0.998531 0.053396 -0.009219) (-0.053595 0.998298 -0.022979) (0.007976 0.02344 0.999693)) pos #f(-61.6373 -196.107 860.22)) #s(coordinates plist nil rot #2f((0.999954 0.004142 -0.008651) (-0.004342 0.999721 -0.023202) (0.008553 0.023238 0.999693)) pos #f(-61.5442 -196.711 866.606)) #s(coordinates plist nil rot #2f((0.998655 -0.051228 -0.008004) (0.051028 0.998422 -0.023424) (0.009192 0.022984 0.999694)) pos #f(-62.3878 -195.617 873.191)) #s(coordinates plist nil rot #2f((0.99406 -0.108583 -0.007326) (0.108384 0.993829 -0.023601) (0.009844 0.022667 0.999695)) pos #f(-64.2307 -193.626 880.275)) #s(coordinates plist nil rot #2f((0.986429 -0.164053 -0.006668) (0.163855 0.986201 -0.023661) (0.010458 0.022248 0.999698)) pos #f(-67.1885 -191.578 888.183)) #s(coordinates plist nil rot #2f((0.976542 -0.215241 -0.006078) (0.215046 0.976321 -0.023499) (0.010992 0.021641 0.999705)) pos #f(-71.5077 -190.192 897.131)) #s(coordinates plist nil rot #2f((0.965025 -0.262097 -0.005591) (0.261908 0.96482 -0.022962) (0.011412 0.020695 0.999721)) pos #f(-77.6161 -189.914 907.116)) #s(coordinates plist nil rot #2f((0.951856 -0.306501 -0.005237) (0.306322 0.951676 -0.021882) (0.011691 0.019224 0.999747)) pos #f(-86.0249 -190.884 917.895)) #s(coordinates plist nil rot #2f((0.936391 -0.350922 -0.005048) (0.35076 0.936249 -0.020129) (0.01179 0.017078 0.999785)) pos #f(-97.1129 -192.992 929.044)) #s(coordinates plist nil rot #2f((0.917775 -0.397068 -0.005064) (0.396929 0.917679 -0.01768) (0.011667 0.014216 0.999831)) pos #f(-110.893 -195.945 940.019)) #s(coordinates plist nil rot #2f((0.895665 -0.444698 -0.005317) (0.444586 0.895616 -0.014669) (0.011285 0.010774 0.999878)) pos #f(-126.767 -199.33 950.226)) #s(coordinates plist nil rot #2f((0.870982 -0.491281 -0.005802) (0.4912 0.870972 -0.011406) (0.010657 0.007085 0.999918)) pos #f(-143.44 -202.681 959.092)) #s(coordinates plist nil rot #2f((0.845992 -0.533157 -0.006442) (0.533105 0.846008 -0.008291) (0.009871 0.00358 0.999945)) pos #f(-159.203 -205.559 966.155)) #s(coordinates plist nil rot #2f((0.823699 -0.566983 -0.0071) (0.566955 0.823729 -0.005705) (0.009082 0.000674 0.999959)) pos #f(-172.381 -207.643 971.16)) #s(coordinates plist nil rot #2f((0.806735 -0.590865 -0.00762) (0.590853 0.806769 -0.003918) (0.008462 -0.001342 0.999963)) pos #f(-181.823 -208.829 974.137)) #s(coordinates plist nil rot #2f((0.79613 -0.605075 -0.007902) (0.605072 0.796165 -0.003023) (0.00812 -0.002374 0.999964)) pos #f(-187.348 -209.325 975.472)) #s(coordinates plist nil rot #2f((0.791018 -0.611742 -0.007939) (0.61174 0.791053 -0.002938) (0.008077 -0.002532 0.999964)) pos #f(-189.732 -209.583 975.798)) #s(coordinates plist nil rot #2f((0.789409 -0.613818 -0.007819) (0.613811 0.789445 -0.003463) (0.008299 -0.002066 0.999963)) pos #f(-190.259 -210.046 975.762)) #s(coordinates plist nil rot #2f((0.789218 -0.614065 -0.00771) (0.614051 0.789254 -0.004335) (0.008747 -0.001313 0.999961)) pos #f(-190.2 -210.888 975.759))))
(setq *bspline-wc-list* '(#s(coordinates plist nil rot #2f((0.538914 -0.842256 -0.013289) (0.84236 0.538871 0.00697) (0.00129 -0.01495 0.999887)) pos #f(-63.4844 86.7921 -169.11)) #s(coordinates plist nil rot #2f((0.538382 -0.842594 -0.013384) (0.8427 0.53834 0.006914) (0.00138 -0.015001 0.999887)) pos #f(-63.3817 86.9518 -169.192)) #s(coordinates plist nil rot #2f((0.538108 -0.842767 -0.013576) (0.842874 0.538067 0.006802) (0.001572 -0.015103 0.999885)) pos #f(-62.5072 87.9065 -169.908)) #s(coordinates plist nil rot #2f((0.539017 -0.84218 -0.013914) (0.842293 0.53898 0.006588) (0.001951 -0.01527 0.999881)) pos #f(-59.9838 90.0407 -172.007)) #s(coordinates plist nil rot #2f((0.543235 -0.839457 -0.014454) (0.839577 0.543206 0.006193) (0.002653 -0.015499 0.999876)) pos #f(-55.1464 93.2413 -176.144)) #s(coordinates plist nil rot #2f((0.55434 -0.832151 -0.015257) (0.832281 0.554326 0.005496) (0.003884 -0.015745 0.999868)) pos #f(-47.9002 96.8428 -182.641)) #s(coordinates plist nil rot #2f((0.577348 -0.816333 -0.0164) (0.816476 0.577363 0.004329) (0.005934 -0.01589 0.999856)) pos #f(-39.0273 99.5951 -191.283)) #s(coordinates plist nil rot #2f((0.617415 -0.786432 -0.017987) (0.786585 0.617477 0.002533) (0.009114 -0.015712 0.999835)) pos #f(-30.09 99.8094 -201.314)) #s(coordinates plist nil rot #2f((0.677124 -0.735593 -0.020163) (0.735743 0.677261 5.830847e-05) (0.013613 -0.014875 0.999797)) pos #f(-22.8963 95.6993 -211.673)) #s(coordinates plist nil rot #2f((0.753614 -0.656912 -0.023076) (0.657033 0.753856 -0.002921) (0.019314 -0.01296 0.999729)) pos #f(-18.897 85.7507 -221.259)) #s(coordinates plist nil rot #2f((0.836899 -0.546704 -0.026735) (0.546757 0.83727 -0.005929) (0.025626 -0.009656 0.999625)) pos #f(-18.589 69.0905 -229.195)) #s(coordinates plist nil rot #2f((0.911924 -0.409203 -0.030795) (0.409151 0.912429 -0.008256) (0.031477 -0.005071 0.999492)) pos #f(-21.1595 45.7637 -235.025)) #s(coordinates plist nil rot #2f((0.965516 -0.25805 -0.034471) (0.257883 0.966132 -0.009275) (0.035697 6.543411e-05 0.999363)) pos #f(-24.8582 16.7349 -238.674)) #s(coordinates plist nil rot #2f((0.992976 -0.112464 -0.036751) (0.112215 0.993645 -0.008775) (0.037505 0.004589 0.999286)) pos #f(-27.7109 -16.2388 -240.311)) #s(coordinates plist nil rot #2f((0.999273 0.009883 -0.036826) (-0.010149 0.999924 -0.00705) (0.036754 0.007418 0.999297)) pos #f(-28.2504 -50.7419 -240.209)) #s(coordinates plist nil rot #2f((0.994464 0.099243 -0.034514) (-0.099464 0.99503 -0.004745) (0.033871 0.008152 0.999393)) pos #f(-26.1915 -83.8527 -238.606)) #s(coordinates plist nil rot #2f((0.98743 0.155117 -0.030343) (-0.155265 0.987869 -0.002587) (0.029574 0.007266 0.999536)) pos #f(-22.5642 -112.468 -235.652)) #s(coordinates plist nil rot #2f((0.982779 0.183052 -0.025259) (-0.18314 0.983086 -0.001189) (0.024614 0.005794 0.99968)) pos #f(-19.1514 -133.854 -231.47)) #s(coordinates plist nil rot #2f((0.981328 0.19127 -0.020264) (-0.191329 0.981525 -0.000996) (0.019699 0.004854 0.999794)) pos #f(-17.7947 -146.236 -226.223)) #s(coordinates plist nil rot #2f((0.982025 0.188063 -0.016117) (-0.188122 0.982143 -0.00223) (0.01541 0.005222 0.999868)) pos #f(-19.7021 -149.386 -220.193)) #s(coordinates plist nil rot #2f((0.983596 0.179906 -0.013159) (-0.179982 0.983658 -0.00478) (0.012084 0.00707 0.999902)) pos #f(-24.9322 -144.988 -213.825)) #s(coordinates plist nil rot #2f((0.985196 0.171056 -0.011359) (-0.171153 0.98521 -0.008229) (0.009783 0.010051 0.999902)) pos #f(-32.5176 -136.183 -207.653)) #s(coordinates plist nil rot #2f((0.986417 0.163924 -0.010469) (-0.164045 0.98638 -0.011988) (0.008362 0.013543 0.999873)) pos #f(-40.9425 -126.672 -202.165)) #s(coordinates plist nil rot #2f((0.987148 0.159488 -0.010163) (-0.159633 0.987055 -0.015469) (0.007564 0.016892 0.999829)) pos #f(-48.6444 -119.777 -197.668)) #s(coordinates plist nil rot #2f((0.987437 0.157686 -0.010149) (-0.157851 0.987294 -0.018258) (0.007141 0.019631 0.999782)) pos #f(-54.4952 -117.555 -194.154)) #s(coordinates plist nil rot #2f((0.987431 0.15772 -0.010238) (-0.157901 0.987248 -0.020214) (0.006919 0.021577 0.999743)) pos #f(-58.0458 -120.409 -191.279)) #s(coordinates plist nil rot #2f((0.987353 0.158202 -0.010326) (-0.158393 0.987144 -0.02141) (0.006807 0.022775 0.999717)) pos #f(-59.4096 -127.454 -188.505)) #s(coordinates plist nil rot #2f((0.987502 0.157263 -0.010365) (-0.157459 0.98728 -0.022043) (0.006767 0.0234 0.999703)) pos #f(-59.063 -137.064 -185.278)) #s(coordinates plist nil rot #2f((0.988225 0.152658 -0.010336) (-0.152856 0.987996 -0.022345) (0.006801 0.023662 0.999697)) pos #f(-57.6455 -147.421 -181.21)) #s(coordinates plist nil rot #2f((0.989826 0.141918 -0.010223) (-0.142117 0.989594 -0.022502) (0.006923 0.023726 0.999695)) pos #f(-55.7821 -156.993 -176.213)) #s(coordinates plist nil rot #2f((0.992392 0.122711 -0.010008) (-0.12291 0.99216 -0.02263) (0.007153 0.023688 0.999694)) pos #f(-54.0027 -164.719 -170.473)) #s(coordinates plist nil rot #2f((0.995586 0.093358 -0.009675) (-0.093558 0.995353 -0.022784) (0.007503 0.023589 0.999694)) pos #f(-52.7258 -170.006 -164.298)) #s(coordinates plist nil rot #2f((0.998531 0.053396 -0.009219) (-0.053595 0.998298 -0.022979) (0.007976 0.02344 0.999693)) pos #f(-52.2476 -172.703 -157.967)) #s(coordinates plist nil rot #2f((0.999954 0.004142 -0.008651) (-0.004342 0.999721 -0.023202) (0.008553 0.023238 0.999693)) pos #f(-52.733 -173.08 -151.582)) #s(coordinates plist nil rot #2f((0.998655 -0.051228 -0.008004) (0.051028 0.998422 -0.023424) (0.009192 0.022984 0.999694)) pos #f(-54.2352 -171.76 -144.997)) #s(coordinates plist nil rot #2f((0.99406 -0.108583 -0.007326) (0.108384 0.993829 -0.023601) (0.009844 0.022667 0.999695)) pos #f(-56.7689 -169.589 -137.914)) #s(coordinates plist nil rot #2f((0.986429 -0.164053 -0.006668) (0.163855 0.986201 -0.023661) (0.010458 0.022248 0.999698)) pos #f(-60.3969 -167.479 -130.009)) #s(coordinates plist nil rot #2f((0.976542 -0.215241 -0.006078) (0.215046 0.976321 -0.023499) (0.010992 0.021641 0.999705)) pos #f(-65.3176 -166.258 -121.069)) #s(coordinates plist nil rot #2f((0.965025 -0.262097 -0.005591) (0.261908 0.96482 -0.022962) (0.011412 0.020695 0.999721)) pos #f(-71.9219 -166.526 -111.1)) #s(coordinates plist nil rot #2f((0.951856 -0.306501 -0.005237) (0.306322 0.951676 -0.021882) (0.011691 0.019224 0.999747)) pos #f(-80.6912 -168.597 -100.347)) #s(coordinates plist nil rot #2f((0.936391 -0.350922 -0.005048) (0.35076 0.936249 -0.020129) (0.01179 0.017078 0.999785)) pos #f(-91.9715 -172.49 -89.2368)) #s(coordinates plist nil rot #2f((0.917775 -0.397068 -0.005064) (0.396929 0.917679 -0.01768) (0.011667 0.014216 0.999831)) pos #f(-105.735 -177.938 -78.3084)) #s(coordinates plist nil rot #2f((0.895665 -0.444698 -0.005317) (0.444586 0.895616 -0.014669) (0.011285 0.010774 0.999878)) pos #f(-121.352 -184.39 -68.1499)) #s(coordinates plist nil rot #2f((0.870982 -0.491281 -0.005802) (0.4912 0.870972 -0.011406) (0.010657 0.007085 0.999918)) pos #f(-137.531 -191.064 -59.3249)) #s(coordinates plist nil rot #2f((0.845992 -0.533157 -0.006442) (0.533105 0.846008 -0.008291) (0.009871 0.00358 0.999945)) pos #f(-152.642 -197.115 -52.2885)) #s(coordinates plist nil rot #2f((0.823699 -0.566983 -0.0071) (0.566955 0.823729 -0.005705) (0.009082 0.000674 0.999959)) pos #f(-165.15 -201.833 -47.2981)) #s(coordinates plist nil rot #2f((0.806735 -0.590865 -0.00762) (0.590853 0.806769 -0.003918) (0.008462 -0.001342 0.999963)) pos #f(-174.062 -204.838 -44.3253)) #s(coordinates plist nil rot #2f((0.79613 -0.605075 -0.007902) (0.605072 0.796165 -0.003023) (0.00812 -0.002374 0.999964)) pos #f(-179.3 -206.246 -42.9919)) #s(coordinates plist nil rot #2f((0.791018 -0.611742 -0.007939) (0.61174 0.791053 -0.002938) (0.008077 -0.002532 0.999964)) pos #f(-181.647 -206.59 -42.6652)) #s(coordinates plist nil rot #2f((0.789409 -0.613818 -0.007819) (0.613811 0.789445 -0.003463) (0.008299 -0.002066 0.999963)) pos #f(-182.295 -206.519 -42.7004)) #s(coordinates plist nil rot #2f((0.789218 -0.614065 -0.00771) (0.614051 0.789254 -0.004335) (0.008747 -0.001313 0.999961)) pos #f(-182.347 -206.473 -42.7011))))
(setq *bspline-optional-list* '(#f(1.0 1.0 0.0 0.0 1.0 1.0 1.0 1.0) #f(1.0 1.0 0.0 0.0 0.06 0.06 1.0 1.0) #f(1.0 1.0 0.0 0.0 0.12 0.12 1.0 1.0) #f(1.0 1.0 0.0 0.0 0.18 0.18 1.0 1.0) #f(1.0 1.0 0.0 0.0 0.24 0.24 1.0 1.0) #f(1.0 1.0 0.0 0.0 0.3 0.3 1.0 1.0) #f(1.0 1.0 0.0 0.0 0.36 0.36 1.0 1.0) #f(1.0 1.0 0.0 0.0 0.42 0.42 1.0 1.0) #f(1.0 1.0 0.0 0.0 0.48 0.48 1.0 1.0) #f(1.0 1.0 0.0 0.0 0.54 0.54 1.0 1.0) #f(1.0 1.0 0.0 0.0 0.6 0.6 1.0 1.0) #f(1.0 1.0 0.0 0.0 0.66 0.66 1.0 1.0) #f(1.0 1.0 0.0 0.0 0.72 0.72 1.0 1.0) #f(1.0 1.0 0.0 0.0 0.78 0.78 1.0 1.0) #f(1.0 1.0 0.0 0.0 0.84 0.84 1.0 1.0) #f(1.0 1.0 0.0 0.0 0.9 0.9 1.0 1.0) #f(1.0 1.0 0.0 0.0 0.96 0.96 1.0 1.0) #f(1.0 1.0 0.0 0.0 1.02 1.02 1.0 1.0) #f(1.0 1.0 0.0 0.0 1.08 1.08 1.0 1.0) #f(1.0 1.0 0.0 0.0 1.14 1.14 1.0 1.0) #f(1.0 1.0 0.0 0.0 1.2 1.2 1.0 1.0) #f(1.0 1.0 0.0 0.0 1.26 1.26 1.0 1.0) #f(1.0 1.0 0.0 0.0 1.32 1.32 1.0 1.0) #f(1.0 0.0 0.0 0.0 1.38 0.024 1.0 1.0) #f(1.0 0.0 0.0 0.0 1.44 0.084 1.0 1.0) #f(1.0 0.0 0.0 0.0 1.5 0.144 1.0 1.0) #f(1.0 0.0 0.0 0.0 1.56 0.204 1.0 1.0) #f(1.0 0.0 0.0 0.0 1.62 0.264 1.0 1.0) #f(1.0 0.0 0.0 0.0 1.68 0.324 1.0 1.0) #f(1.0 0.0 0.0 0.0 1.74 0.384 1.0 1.0) #f(1.0 0.0 0.0 0.0 1.8 0.444 1.0 1.0) #f(1.0 0.0 0.0 0.0 1.86 0.504 1.0 1.0) #f(1.0 0.0 0.0 0.0 1.92 0.564 1.0 1.0) #f(1.0 0.0 0.0 0.0 1.98 0.624 1.0 1.0) #f(1.0 0.0 0.0 0.0 2.04 0.684 1.0 1.0) #f(1.0 0.0 0.0 0.0 2.1 0.744 1.0 1.0) #f(1.0 0.0 0.0 0.0 2.16 0.804 1.0 1.0) #f(1.0 0.0 0.0 0.0 2.22 0.864 1.0 1.0) #f(1.0 0.0 0.0 0.0 2.28 0.924 1.0 1.0) #f(1.0 0.0 0.0 0.0 2.34 0.984 1.0 1.0) #f(1.0 0.0 0.0 0.0 2.4 1.044 1.0 1.0) #f(1.0 0.0 0.0 0.0 2.46 1.104 1.0 1.0) #f(1.0 0.0 0.0 0.0 2.52 1.164 1.0 1.0) #f(1.0 1.0 0.0 0.0 2.58 0.024 1.0 1.0) #f(1.0 1.0 0.0 0.0 2.64 0.084 1.0 1.0) #f(1.0 1.0 0.0 0.0 2.7 0.144 1.0 1.0) #f(1.0 1.0 0.0 0.0 2.76 0.204 1.0 1.0) #f(1.0 1.0 0.0 0.0 2.82 0.264 1.0 1.0) #f(1.0 1.0 0.0 0.0 2.88 0.324 1.0 1.0) #f(1.0 1.0 0.0 0.0 2.94 0.384 1.0 1.0) #f(1.0 1.0 0.0 0.0 3.0 0.444 1.0 1.0)))
